,기온,풍속,습도,증기압,이슬점,현지기압,전운량,중하층,지면온도,log_percip,1시간전,2시간전,3시간전,4시간전,5시간전,6시간전,마포 강수량,마포 1시간전,마포 2시간전,마포 3시간전,마포 4시간전,마포 5시간전,마포 6시간전,성북 강수량,성북 1시간전,성북 2시간전,성북 3시간전,성북 4시간전,성북 5시간전,성북 6시간전,성동 강수량,성동 1시간전,성동 2시간전,성동 3시간전,성동 4시간전,성동 5시간전,성동 6시간전,용산 강수량,용산 1시간전,용산 2시간전,용산 3시간전,용산 4시간전,용산 5시간전,용산 6시간전
기온,1.0,0.14171275629910804,-0.16544574328434722,0.6503515025630772,0.6550686136605024,-0.4596011437564323,0.16741462204165983,0.14549274799847658,0.845346405356487,-0.033746234005109454,-0.03536042442568135,-0.03366074834578334,-0.03089185750900875,-0.027747854715985305,-0.024490539710462573,-0.021391942695602264,-0.03307132896965012,-0.035570552192288794,-0.033998747359717314,-0.031177928559676545,-0.028088888576684796,-0.025051214803005598,-0.022035152960660147,-0.029764586527547793,-0.03161872860965015,-0.030239973931248366,-0.0279831560431902,-0.02541774175977021,-0.022611009897495378,-0.019900598497369214,-0.0301172133001153,-0.03212452992896291,-0.030590055866884368,-0.02762175105476214,-0.024509627118474472,-0.021425576430865848,-0.01835882370051411,-0.03469667258452582,-0.03727148871166237,-0.0357000083808991,-0.03273082466099018,-0.02954631272268939,-0.02629375503808583,-0.022945096682238326
풍속,0.14171275629910804,1.0,-0.19356422447434796,-0.029106348879913223,-0.04552538058756055,-0.201844774301281,0.07182457643473784,0.09393743782167734,0.2132391252498659,0.06988335232606722,0.06432258597356094,0.07215111975918657,0.07239335968955078,0.07400941411618668,0.07598362968916762,0.07798835939324782,0.06519900171245782,0.059541598227086635,0.06636464007505143,0.06844754983010148,0.0698590321113552,0.07216486056872246,0.07399808537770304,0.07912768310935926,0.07418765817561787,0.07894727040745891,0.08014834948994393,0.08137269442950615,0.08263713501407842,0.08303624923960459,0.06543605215945095,0.06306881427729563,0.06726682845743377,0.06774772183604776,0.0692775082372746,0.07139592756693275,0.0717126404828413,0.059905054770629906,0.05470166875089955,0.06079338164725609,0.06236610355154212,0.06448117604777581,0.06659266637376943,0.06896214239614276
습도,-0.16544574328434722,-0.19356422447434796,1.0,0.6048585874571714,0.6216848581376765,-0.27414179326313415,0.43251390855470395,0.4639286267351862,-0.3668151987005167,0.33598023558004614,0.3338941127248645,0.3250143446549405,0.315205186090663,0.30500162718859025,0.29462784366742,0.28437331155974255,0.31549332902194765,0.3157959494626153,0.3079589327387093,0.2981525671599304,0.2884899714684803,0.2788622585170269,0.26902298643699396,0.32813123358667656,0.3268139038772914,0.31880240969228946,0.3101738888082535,0.30105497170431506,0.29139351483870296,0.28184626320952716,0.31395070634275574,0.31294173513402285,0.3048295823686816,0.29513274998283245,0.2856317979978273,0.27618158925515895,0.2663826265975279,0.31393832622182355,0.3143146626881992,0.30636465093854265,0.2964888816152847,0.2865542252454537,0.2769072825726089,0.2663258562292622
증기압,0.6503515025630772,-0.029106348879913223,0.6048585874571714,1.0,0.9760951495576559,-0.5384945528393921,0.4452522259538386,0.4606664366360544,0.3545656419067236,0.20626785007363788,0.2030632634095069,0.19893053735861377,0.1950917351295935,0.19146727339522265,0.18793393547324624,0.1843055234253936,0.1920609508240218,0.18953528616022208,0.18596570349821412,0.18225623188320503,0.17902375833706022,0.17576435608768615,0.17232630233781318,0.20497898931604985,0.20224575699857636,0.19860489386840005,0.19512970450604253,0.19166567208424662,0.18809749048422889,0.18442919291511334,0.19376275967930148,0.19092421363586695,0.18714863651603722,0.18370762919644357,0.18039615482138197,0.1772897790537032,0.174032605753122,0.18901939975894227,0.1864757571026762,0.1829118511530427,0.17939738219224305,0.17600778694737904,0.1728516122789353,0.16924117580944803
이슬점,0.6550686136605024,-0.04552538058756055,0.6216848581376765,0.9760951495576559,1.0,-0.5536456771392599,0.4502097703293809,0.45620998824752307,0.3629596732612089,0.19025039850307063,0.1880150414216735,0.18483436876858217,0.18166756481735136,0.17848802136725095,0.1752390048927303,0.17184850674069882,0.17765033921102336,0.17585936173083114,0.17307225466409668,0.16997641668106767,0.16707077115329777,0.16401303096160194,0.16073427070104582,0.1885126751844377,0.18654499047432574,0.18365119648769448,0.18074231930830711,0.17768208130968025,0.17444155281244408,0.17104564095716965,0.17889785540953024,0.17685119026274584,0.17392897076704725,0.17106623247189423,0.16816657608482444,0.16523085326407982,0.16217729535256936,0.1755084577545262,0.17368553954084934,0.17092519782594007,0.1679486299755754,0.16495946246848542,0.16198517511169636,0.15864753508632332
현지기압,-0.4596011437564323,-0.201844774301281,-0.27414179326313415,-0.5384945528393921,-0.5536456771392599,1.0,-0.34614555095064997,-0.3499666560459214,-0.33437830990482076,-0.17711147883981926,-0.18256815603366813,-0.18659044200220964,-0.18935960190146808,-0.19113547306664677,-0.19205727011215665,-0.1921648925340694,-0.16766011688450763,-0.17322219942444125,-0.1773949539781805,-0.18032822580763538,-0.18216206803341026,-0.18312906870347218,-0.18317947908220245,-0.1787502277245862,-0.18381189390613045,-0.1876230537586039,-0.19012125135707933,-0.1914857288984712,-0.19223817919738362,-0.19216159720696932,-0.16743296809620525,-0.17248613753443873,-0.1762218516235903,-0.17865394826384312,-0.18011548377742342,-0.18075455266816887,-0.1805435075541898,-0.16482130530932845,-0.1701822275459119,-0.17413754773746148,-0.17695157408741216,-0.17875548773027708,-0.1796847764686636,-0.17980063539466096
전운량,0.16741462204165983,0.07182457643473784,0.43251390855470395,0.4452522259538386,0.4502097703293809,-0.34614555095064997,1.0,0.7872679631176306,0.057892603754980676,0.2748482030326148,0.26909301191851226,0.26333415316647407,0.2570476954006679,0.250206652575804,0.24312491401463066,0.2368689627652791,0.25880444965840865,0.25397562406486063,0.24827841209971188,0.2421226776175839,0.23565962216834765,0.22926912706531052,0.22363239554316416,0.2686820031871799,0.26361877945723583,0.2580144393544783,0.2522681347379806,0.2462247604625437,0.2398788757959139,0.23392721277483272,0.25618145530831443,0.25114824958927917,0.24562402377631218,0.2399788069502651,0.23396660470922792,0.22744865444270967,0.22135289463050573,0.25780717947617887,0.25259516887157013,0.2467190854912883,0.240346285779682,0.23398515179660292,0.22715990346897688,0.2208552311544026
중하층,0.14549274799847658,0.09393743782167734,0.4639286267351862,0.4606664366360544,0.45620998824752307,-0.3499666560459214,0.7872679631176306,1.0,0.04029801598625371,0.27743558692650794,0.2675737425075071,0.26012084629255233,0.2530991216518905,0.24659793156656012,0.24174205039640725,0.23632601740195727,0.2616352546363639,0.2535892748729671,0.245759525221548,0.23838439634988778,0.2324797296185387,0.2278975225985459,0.2228902378316331,0.27298637779253676,0.26456384481252343,0.2570126338395157,0.2501449927827129,0.24499673193928356,0.24093571047564685,0.23571215404925633,0.2604573914438962,0.25154123233142484,0.24372643034810615,0.23667886409122896,0.2314333598153202,0.2271429687641647,0.22196291919514646,0.2589013290347523,0.2516040823890086,0.24295927364765443,0.23570970066836675,0.22900272072838881,0.22398663384659437,0.21960058908812227
지면온도,0.845346405356487,0.2132391252498659,-0.3668151987005167,0.3545656419067236,0.3629596732612089,-0.33437830990482076,0.057892603754980676,0.04029801598625371,1.0,-0.055666423423747315,-0.05451392432203729,-0.05311526673228898,-0.05130016946244289,-0.04857621274399272,-0.04594807981977517,-0.043613164262926045,-0.05325391316339351,-0.052453844227892024,-0.05087094767087277,-0.04901289407456633,-0.0464322369410349,-0.044114219287894836,-0.04193009826373207,-0.05290861413793977,-0.05249744471225938,-0.05108924303310365,-0.04920048947373093,-0.04687385278478914,-0.044645631922152075,-0.04240445612712191,-0.050381953428348676,-0.04980420093554314,-0.048268569963952145,-0.04609763315254407,-0.04352289406509535,-0.04103368654976494,-0.038781271289001,-0.05356381500645855,-0.05315794394360555,-0.05165523577720461,-0.049575169142252414,-0.046741340874207025,-0.04406770600471953,-0.041699579230908626
log_percip,-0.033746234005109454,0.06988335232606722,0.33598023558004614,0.20626785007363788,0.19025039850307063,-0.17711147883981926,0.2748482030326148,0.27743558692650794,-0.055666423423747315,1.0,0.7107624646397801,0.5515520847581277,0.4593363741126131,0.3972558788823177,0.3483974618696699,0.30700430797373024,0.9299567789371308,0.7190099070682763,0.5476949147918939,0.4538185336646725,0.3875229989598865,0.34150749143273074,0.30118497118603343,0.9096254477675997,0.6788080409150848,0.5383742768041678,0.4480203729611418,0.39212850850014463,0.3446722731712922,0.30564331773848386,0.8764991081675615,0.6662016031066421,0.5220015097545356,0.4299520880228968,0.3725097498119397,0.32610568913929655,0.28556234036996847,0.8878010535106996,0.692046278438456,0.5359094296351966,0.4400756050038974,0.37764672166949315,0.32935607206594275,0.2898064125641616
1시간전,-0.03536042442568135,0.06432258597356094,0.3338941127248645,0.2030632634095069,0.1880150414216735,-0.18256815603366813,0.26909301191851226,0.2675737425075071,-0.05451392432203729,0.7107624646397801,1.0,0.7107624646397828,0.5515520847581294,0.45933637411261447,0.3972558788823185,0.3483974618696736,0.678991155200827,0.9299567789371357,0.7190099070682763,0.547694914791892,0.45381853366467334,0.3875229989598871,0.34150749143273385,0.7161685924928469,0.9096254477676091,0.6788080409150877,0.5383742768041712,0.4480203729611443,0.3921285085001476,0.34467227317129373,0.7159180264723962,0.8764991081675679,0.6662016031066482,0.5220015097545395,0.4299520880228966,0.3725097498119398,0.32610568913929683,0.6930780374776584,0.8878010535107085,0.6920462784384548,0.5359094296351952,0.4400756050038999,0.37764672166949254,0.32935607206594225
2시간전,-0.03366074834578334,0.07215111975918657,0.3250143446549405,0.19893053735861377,0.18483436876858217,-0.18659044200220964,0.26333415316647407,0.26012084629255233,-0.05311526673228898,0.5515520847581277,0.7107624646397828,1.0,0.7107624646397842,0.5515520847581288,0.4593363741126109,0.39725587888231934,0.5392227486219641,0.6789911552008334,0.9299567789371366,0.719009907068276,0.5476949147918967,0.45381853366467817,0.3875229989598884,0.5542302271317526,0.7161685924928449,0.9096254477676019,0.6788080409150881,0.5383742768041667,0.44802037296114194,0.3921285085001478,0.5585658691672001,0.715918026472394,0.8764991081675676,0.6662016031066431,0.5220015097545382,0.4299520880228986,0.37250974981194007,0.5508573115224775,0.6930780374776596,0.8878010535107047,0.6920462784384533,0.5359094296351976,0.440075605003898,0.37764672166949115
3시간전,-0.03089185750900875,0.07239335968955078,0.315205186090663,0.1950917351295935,0.18166756481735136,-0.18935960190146808,0.2570476954006679,0.2530991216518905,-0.05130016946244289,0.4593363741126131,0.5515520847581294,0.7107624646397842,1.0,0.7107624646397827,0.5515520847581257,0.4593363741126141,0.44743993255386566,0.5392227486219622,0.6789911552008279,0.9299567789371358,0.7190099070682762,0.5476949147918971,0.45381853366467684,0.4664202596082172,0.5542302271317527,0.7161685924928436,0.9096254477676117,0.678808040915086,0.5383742768041708,0.4480203729611444,0.4653134835290045,0.5585658691672006,0.7159180264723957,0.8764991081675679,0.6662016031066458,0.5220015097545418,0.4299520880228974,0.45515921681924904,0.5508573115224782,0.6930780374776564,0.8878010535107054,0.6920462784384557,0.5359094296351975,0.44007560500389886
4시간전,-0.027747854715985305,0.07400941411618668,0.30500162718859025,0.19146727339522265,0.17848802136725095,-0.19113547306664677,0.250206652575804,0.24659793156656012,-0.04857621274399272,0.3972558788823177,0.45933637411261447,0.5515520847581288,0.7107624646397827,1.0,0.7107624646397789,0.5515520847581281,0.384996402020772,0.4474399325538668,0.5392227486219657,0.6789911552008328,0.9299567789371408,0.7190099070682793,0.5476949147919004,0.40201073864906345,0.46642025960821937,0.5542302271317509,0.7161685924928456,0.9096254477676116,0.6788080409150834,0.5383742768041686,0.3949669581355228,0.46531348352900487,0.558565869167201,0.7159180264723977,0.876499108167561,0.6662016031066463,0.5220015097545363,0.38891516828467276,0.4551592168192478,0.550857311522476,0.6930780374776571,0.8878010535107116,0.6920462784384551,0.535909429635197
5시간전,-0.024490539710462573,0.07598362968916762,0.29462784366742,0.18793393547324624,0.1752390048927303,-0.19205727011215665,0.24312491401463066,0.24174205039640725,-0.04594807981977517,0.3483974618696699,0.3972558788823185,0.4593363741126109,0.5515520847581257,0.7107624646397789,1.0,0.7107624646397829,0.33568906061620246,0.3849964020207714,0.44743993255386394,0.5392227486219648,0.6789911552008302,0.9299567789371337,0.7190099070682787,0.35558400652453864,0.40201073864906134,0.4664202596082143,0.5542302271317511,0.7161685924928415,0.9096254477676059,0.6788080409150875,0.34423218657549054,0.39496695813552285,0.46531348352900415,0.5585658691672007,0.7159180264723944,0.8764991081675687,0.6662016031066416,0.3390736898277792,0.38891516828467343,0.4551592168192434,0.5508573115224782,0.693078037477658,0.8878010535107032,0.6920462784384512
6시간전,-0.021391942695602264,0.07798835939324782,0.28437331155974255,0.1843055234253936,0.17184850674069882,-0.1921648925340694,0.2368689627652791,0.23632601740195727,-0.043613164262926045,0.30700430797373024,0.3483974618696736,0.39725587888231934,0.4593363741126141,0.5515520847581281,0.7107624646397829,1.0,0.2960479252367225,0.33568906061620707,0.38499640202077423,0.4474399325538659,0.5392227486219621,0.6789911552008289,0.9299567789371407,0.31249046782612916,0.35558400652453875,0.40201073864906167,0.4664202596082185,0.5542302271317499,0.716168592492842,0.9096254477676109,0.29966598606143613,0.3442321865754904,0.39496695813552307,0.4653134835290022,0.5585658691671956,0.7159180264723976,0.8764991081675665,0.29435651516742906,0.33907368982778147,0.38891516828467126,0.4551592168192435,0.5508573115224766,0.6930780374776565,0.8878010535107074
마포 강수량,-0.03307132896965012,0.06519900171245782,0.31549332902194765,0.1920609508240218,0.17765033921102336,-0.16766011688450763,0.25880444965840865,0.2616352546363639,-0.05325391316339351,0.9299567789371308,0.678991155200827,0.5392227486219641,0.44743993255386566,0.384996402020772,0.33568906061620246,0.2960479252367225,1.0,0.7014859815198993,0.5418053455521677,0.4466122039249856,0.3788184094540168,0.3312537966867301,0.2928418144190291,0.8634042494639156,0.651122621780949,0.5238774471146551,0.43531163063721506,0.37794172130720755,0.3323794398802283,0.2942924877974895,0.8494756963093589,0.6413905280563028,0.5125661458338994,0.41938305294892236,0.3608711029171271,0.311628152496293,0.2748363687042928,0.8741651687266407,0.6687602129034519,0.5262244596228274,0.4288713025536637,0.36685717921682043,0.31735689189308386,0.279142358470247
마포 1시간전,-0.035570552192288794,0.059541598227086635,0.3157959494626153,0.18953528616022208,0.17585936173083114,-0.17322219942444125,0.25397562406486063,0.2535892748729671,-0.052453844227892024,0.7190099070682763,0.9299567789371357,0.6789911552008334,0.5392227486219622,0.4474399325538668,0.3849964020207714,0.33568906061620707,0.7014859815198993,1.0,0.7014859815198965,0.5418053455521669,0.44661220392498335,0.3788184094540196,0.3312537966867292,0.7185579304923939,0.8634042494639209,0.6511226217809551,0.5238774471146553,0.4353116306372169,0.3779417213072081,0.3323794398802288,0.7251204831096923,0.8494756963093599,0.6413905280563044,0.5125661458339011,0.41938305294892464,0.3608711029171276,0.3116281524962932,0.7036140995637608,0.8741651687266452,0.6687602129034468,0.5262244596228268,0.4288713025536632,0.3668571792168227,0.31735689189308647
마포 2시간전,-0.033998747359717314,0.06636464007505143,0.3079589327387093,0.18596570349821412,0.17307225466409668,-0.1773949539781805,0.24827841209971188,0.245759525221548,-0.05087094767087277,0.5476949147918939,0.7190099070682763,0.9299567789371366,0.6789911552008279,0.5392227486219657,0.44743993255386394,0.38499640202077423,0.5418053455521677,0.7014859815198965,1.0,0.7014859815198975,0.5418053455521648,0.44661220392498335,0.3788184094540172,0.5516409160867458,0.7185579304923886,0.8634042494639164,0.6511226217809483,0.5238774471146539,0.43531163063721484,0.3779417213072067,0.5598984712981029,0.7251204831096912,0.8494756963093585,0.6413905280562994,0.5125661458339006,0.41938305294892336,0.3608711029171246,0.5507238299555017,0.7036140995637584,0.8741651687266312,0.6687602129034433,0.5262244596228199,0.4288713025536629,0.3668571792168211
마포 3시간전,-0.031177928559676545,0.06844754983010148,0.2981525671599304,0.18225623188320503,0.16997641668106767,-0.18032822580763538,0.2421226776175839,0.23838439634988778,-0.04901289407456633,0.4538185336646725,0.547694914791892,0.719009907068276,0.9299567789371358,0.6789911552008328,0.5392227486219648,0.4474399325538659,0.4466122039249856,0.5418053455521669,0.7014859815198975,1.0,0.7014859815198987,0.5418053455521671,0.44661220392498435,0.4619251698913341,0.5516409160867466,0.7185579304923877,0.8634042494639194,0.6511226217809518,0.5238774471146561,0.43531163063721184,0.46265225714369956,0.5598984712981018,0.72512048310969,0.8494756963093577,0.6413905280563011,0.5125661458338989,0.4193830529489224,0.4534080494200075,0.5507238299555005,0.7036140995637558,0.8741651687266375,0.6687602129034418,0.5262244596228204,0.4288713025536623
마포 4시간전,-0.028088888576684796,0.0698590321113552,0.2884899714684803,0.17902375833706022,0.16707077115329777,-0.18216206803341026,0.23565962216834765,0.2324797296185387,-0.0464322369410349,0.3875229989598865,0.45381853366467334,0.5476949147918967,0.7190099070682762,0.9299567789371408,0.6789911552008302,0.5392227486219621,0.3788184094540168,0.44661220392498335,0.5418053455521648,0.7014859815198987,1.0,0.7014859815198986,0.5418053455521664,0.394052244534213,0.46192516989133203,0.5516409160867451,0.7185579304923937,0.8634042494639119,0.6511226217809527,0.5238774471146567,0.390045203352021,0.46265225714369523,0.5598984712981021,0.7251204831096902,0.8494756963093598,0.6413905280563025,0.5125661458339003,0.3821466136577122,0.453408049420008,0.5507238299554983,0.7036140995637546,0.8741651687266361,0.6687602129034462,0.5262244596228235
마포 5시간전,-0.025051214803005598,0.07216486056872246,0.2788622585170269,0.17576435608768615,0.16401303096160194,-0.18312906870347218,0.22926912706531052,0.2278975225985459,-0.044114219287894836,0.34150749143273074,0.3875229989598871,0.45381853366467817,0.5476949147918971,0.7190099070682793,0.9299567789371337,0.6789911552008289,0.3312537966867301,0.3788184094540196,0.44661220392498335,0.5418053455521671,0.7014859815198986,1.0,0.7014859815198987,0.35026756235535506,0.39405224453421184,0.4619251698913332,0.5516409160867461,0.7185579304923865,0.8634042494639167,0.6511226217809478,0.3391346282133058,0.3900452033520207,0.46265225714369773,0.5598984712981018,0.7251204831096918,0.8494756963093568,0.6413905280563003,0.3316903155916181,0.38214661365771424,0.4534080494200089,0.5507238299555,0.7036140995637569,0.8741651687266383,0.6687602129034445
마포 6시간전,-0.022035152960660147,0.07399808537770304,0.26902298643699396,0.17232630233781318,0.16073427070104582,-0.18317947908220245,0.22363239554316416,0.2228902378316331,-0.04193009826373207,0.30118497118603343,0.34150749143273385,0.3875229989598884,0.45381853366467684,0.5476949147919004,0.7190099070682787,0.9299567789371407,0.2928418144190291,0.3312537966867292,0.3788184094540172,0.44661220392498435,0.5418053455521664,0.7014859815198987,1.0,0.3074508360858173,0.35026756235535655,0.39405224453421317,0.46192516989133553,0.5516409160867453,0.7185579304923909,0.863404249463924,0.29664572012268975,0.33913462821330553,0.3900452033520199,0.46265225714369684,0.5598984712981024,0.7251204831096946,0.8494756963093625,0.2901576354378803,0.3316903155916197,0.38214661365771313,0.45340804942000784,0.5507238299554991,0.7036140995637544,0.8741651687266362
성북 강수량,-0.029764586527547793,0.07912768310935926,0.32813123358667656,0.20497898931604985,0.1885126751844377,-0.1787502277245862,0.2686820031871799,0.27298637779253676,-0.05290861413793977,0.9096254477675997,0.7161685924928469,0.5542302271317526,0.4664202596082172,0.40201073864906345,0.35558400652453864,0.31249046782612916,0.8634042494639156,0.7185579304923939,0.5516409160867458,0.4619251698913341,0.394052244534213,0.35026756235535506,0.3074508360858173,1.0,0.7079069220738134,0.5551135386223371,0.46665967303546657,0.40522568035079204,0.35747999291643223,0.3153666197799356,0.8387454379075285,0.666383974907261,0.5236214167790932,0.43900362263134934,0.377469990013454,0.3329231254191102,0.29197683064588453,0.8249657994914664,0.6841323837426905,0.5356195695125642,0.446909794729088,0.3808994195722515,0.33513422428657097,0.2957106216006975
성북 1시간전,-0.03161872860965015,0.07418765817561787,0.3268139038772914,0.20224575699857636,0.18654499047432574,-0.18381189390613045,0.26361877945723583,0.26456384481252343,-0.05249744471225938,0.6788080409150848,0.9096254477676091,0.7161685924928449,0.5542302271317527,0.46642025960821937,0.40201073864906134,0.35558400652453875,0.651122621780949,0.8634042494639209,0.7185579304923886,0.5516409160867466,0.46192516989133203,0.39405224453421184,0.35026756235535655,0.7079069220738134,1.0,0.7079069220738106,0.5551135386223369,0.46665967303546735,0.40522568035079426,0.35747999291643456,0.6818467367301451,0.8387454379075273,0.6663839749072594,0.5236214167790952,0.4390036226313511,0.37746999001345366,0.33292312541910957,0.6595970870449962,0.824965799491468,0.6841323837426868,0.5356195695125634,0.44690979472908776,0.3808994195722513,0.33513422428656975
성북 2시간전,-0.030239973931248366,0.07894727040745891,0.31880240969228946,0.19860489386840005,0.18365119648769448,-0.1876230537586039,0.2580144393544783,0.2570126338395157,-0.05108924303310365,0.5383742768041678,0.6788080409150877,0.9096254477676019,0.7161685924928436,0.5542302271317509,0.4664202596082143,0.40201073864906167,0.5238774471146551,0.6511226217809551,0.8634042494639164,0.7185579304923877,0.5516409160867451,0.4619251698913332,0.39405224453421317,0.5551135386223371,0.7079069220738106,1.0,0.7079069220738106,0.5551135386223349,0.46665967303546785,0.4052256803507938,0.5435237932114407,0.6818467367301442,0.8387454379075278,0.6663839749072593,0.523621416779092,0.4390036226313482,0.37746999001345216,0.5340074165889972,0.6595970870450009,0.8249657994914624,0.6841323837426877,0.535619569512562,0.44690979472908676,0.38089941957225004
성북 3시간전,-0.0279831560431902,0.08014834948994393,0.3101738888082535,0.19512970450604253,0.18074231930830711,-0.19012125135707933,0.2522681347379806,0.2501449927827129,-0.04920048947373093,0.4480203729611418,0.5383742768041712,0.6788080409150881,0.9096254477676117,0.7161685924928456,0.5542302271317511,0.4664202596082185,0.43531163063721506,0.5238774471146553,0.6511226217809483,0.8634042494639194,0.7185579304923937,0.5516409160867461,0.46192516989133553,0.46665967303546657,0.5551135386223369,0.7079069220738106,1.0,0.7079069220738085,0.5551135386223379,0.46665967303546724,0.45282152777234197,0.5435237932114394,0.6818467367301432,0.8387454379075332,0.6663839749072602,0.5236214167790957,0.43900362263135023,0.4407632371897239,0.5340074165889982,0.659597087044996,0.8249657994914664,0.6841323837426917,0.5356195695125654,0.4469097947290893
성북 4시간전,-0.02541774175977021,0.08137269442950615,0.30105497170431506,0.19166567208424662,0.17768208130968025,-0.1914857288984712,0.2462247604625437,0.24499673193928356,-0.04687385278478914,0.39212850850014463,0.4480203729611443,0.5383742768041667,0.678808040915086,0.9096254477676116,0.7161685924928415,0.5542302271317499,0.37794172130720755,0.4353116306372169,0.5238774471146539,0.6511226217809518,0.8634042494639119,0.7185579304923865,0.5516409160867453,0.40522568035079204,0.46665967303546735,0.5551135386223349,0.7079069220738085,1.0,0.7079069220738128,0.5551135386223366,0.3904375199186816,0.4528215277723396,0.543523793211436,0.681846736730142,0.8387454379075314,0.6663839749072651,0.5236214167790957,0.3816790882226255,0.4407632371897272,0.5340074165889971,0.6595970870449971,0.8249657994914689,0.6841323837426883,0.5356195695125655
성북 5시간전,-0.022611009897495378,0.08263713501407842,0.29139351483870296,0.18809749048422889,0.17444155281244408,-0.19223817919738362,0.2398788757959139,0.24093571047564685,-0.044645631922152075,0.3446722731712922,0.3921285085001476,0.44802037296114194,0.5383742768041708,0.6788080409150834,0.9096254477676059,0.716168592492842,0.3323794398802283,0.3779417213072081,0.43531163063721484,0.5238774471146561,0.6511226217809527,0.8634042494639167,0.7185579304923909,0.35747999291643223,0.40522568035079426,0.46665967303546785,0.5551135386223379,0.7079069220738128,1.0,0.7079069220738098,0.34138046963377505,0.3904375199186831,0.452821527772341,0.5435237932114364,0.6818467367301434,0.8387454379075291,0.6663839749072649,0.33501488056646267,0.38167908822262947,0.4407632371897252,0.5340074165889981,0.6595970870449982,0.8249657994914659,0.6841323837426896
성북 6시간전,-0.019900598497369214,0.08303624923960459,0.28184626320952716,0.18442919291511334,0.17104564095716965,-0.19216159720696932,0.23392721277483272,0.23571215404925633,-0.04240445612712191,0.30564331773848386,0.34467227317129373,0.3921285085001478,0.4480203729611444,0.5383742768041686,0.6788080409150875,0.9096254477676109,0.2942924877974895,0.3323794398802288,0.3779417213072067,0.43531163063721184,0.5238774471146567,0.6511226217809478,0.863404249463924,0.3153666197799356,0.35747999291643456,0.4052256803507938,0.46665967303546724,0.5551135386223366,0.7079069220738098,1.0,0.2978865690378856,0.3413804696337755,0.39043751991868414,0.4528215277723418,0.5435237932114395,0.6818467367301461,0.838745437907532,0.28969942113021996,0.33501488056646406,0.3816790882226269,0.4407632371897207,0.5340074165889969,0.6595970870449945,0.8249657994914672
성동 강수량,-0.0301172133001153,0.06543605215945095,0.31395070634275574,0.19376275967930148,0.17889785540953024,-0.16743296809620525,0.25618145530831443,0.2604573914438962,-0.050381953428348676,0.8764991081675615,0.7159180264723962,0.5585658691672001,0.4653134835290045,0.3949669581355228,0.34423218657549054,0.29966598606143613,0.8494756963093589,0.7251204831096923,0.5598984712981029,0.46265225714369956,0.390045203352021,0.3391346282133058,0.29664572012268975,0.8387454379075285,0.6818467367301451,0.5435237932114407,0.45282152777234197,0.3904375199186816,0.34138046963377505,0.2978865690378856,1.0,0.7013344618958953,0.540037891970887,0.4427734624850641,0.3743020472487663,0.32651564246724646,0.28303712203823617,0.9075533131564382,0.7142791897747142,0.5467309991024685,0.4484725191962639,0.37650388188886147,0.32602133018835194,0.2849361509218431
성동 1시간전,-0.03212452992896291,0.06306881427729563,0.31294173513402285,0.19092421363586695,0.17685119026274584,-0.17248613753443873,0.25114824958927917,0.25154123233142484,-0.04980420093554314,0.6662016031066421,0.8764991081675679,0.715918026472394,0.5585658691672006,0.46531348352900487,0.39496695813552285,0.3442321865754904,0.6413905280563028,0.8494756963093599,0.7251204831096912,0.5598984712981018,0.46265225714369523,0.3900452033520207,0.33913462821330553,0.666383974907261,0.8387454379075273,0.6818467367301442,0.5435237932114394,0.4528215277723396,0.3904375199186831,0.3413804696337755,0.7013344618958953,1.0,0.7013344618958983,0.5400378919708843,0.4427734624850646,0.374302047248766,0.3265156424672461,0.6637150272123264,0.9075533131564381,0.7142791897747107,0.5467309991024636,0.44847251919626585,0.37650388188885947,0.3260213301883522
성동 2시간전,-0.030590055866884368,0.06726682845743377,0.3048295823686816,0.18714863651603722,0.17392897076704725,-0.1762218516235903,0.24562402377631218,0.24372643034810615,-0.048268569963952145,0.5220015097545356,0.6662016031066482,0.8764991081675676,0.7159180264723957,0.558565869167201,0.46531348352900415,0.39496695813552307,0.5125661458338994,0.6413905280563044,0.8494756963093585,0.72512048310969,0.5598984712981021,0.46265225714369773,0.3900452033520199,0.5236214167790932,0.6663839749072594,0.8387454379075278,0.6818467367301432,0.543523793211436,0.452821527772341,0.39043751991868414,0.540037891970887,0.7013344618958983,1.0,0.7013344618958937,0.540037891970882,0.442773462485062,0.37430204724876714,0.5263033178319948,0.6637150272123291,0.9075533131564362,0.7142791897747143,0.5467309991024679,0.4484725191962659,0.37650388188886147
성동 3시간전,-0.02762175105476214,0.06774772183604776,0.29513274998283245,0.18370762919644357,0.17106623247189423,-0.17865394826384312,0.2399788069502651,0.23667886409122896,-0.04609763315254407,0.4299520880228968,0.5220015097545395,0.6662016031066431,0.8764991081675679,0.7159180264723977,0.5585658691672007,0.4653134835290022,0.41938305294892236,0.5125661458339011,0.6413905280562994,0.8494756963093577,0.7251204831096902,0.5598984712981018,0.46265225714369684,0.43900362263134934,0.5236214167790952,0.6663839749072593,0.8387454379075332,0.681846736730142,0.5435237932114364,0.4528215277723418,0.4427734624850641,0.5400378919708843,0.7013344618958937,1.0,0.7013344618958963,0.5400378919708833,0.44277346248506494,0.4287653468115566,0.526303317831995,0.6637150272123239,0.9075533131564373,0.7142791897747106,0.5467309991024693,0.4484725191962651
성동 4시간전,-0.024509627118474472,0.0692775082372746,0.2856317979978273,0.18039615482138197,0.16816657608482444,-0.18011548377742342,0.23396660470922792,0.2314333598153202,-0.04352289406509535,0.3725097498119397,0.4299520880228966,0.5220015097545382,0.6662016031066458,0.876499108167561,0.7159180264723944,0.5585658691671956,0.3608711029171271,0.41938305294892464,0.5125661458339006,0.6413905280563011,0.8494756963093598,0.7251204831096918,0.5598984712981024,0.377469990013454,0.4390036226313511,0.523621416779092,0.6663839749072602,0.8387454379075314,0.6818467367301434,0.5435237932114395,0.3743020472487663,0.4427734624850646,0.540037891970882,0.7013344618958963,1.0,0.701334461895893,0.5400378919708867,0.3633777664111378,0.42876534681155865,0.5263033178319907,0.6637150272123253,0.9075533131564317,0.7142791897747133,0.5467309991024676
성동 5시간전,-0.021425576430865848,0.07139592756693275,0.27618158925515895,0.1772897790537032,0.16523085326407982,-0.18075455266816887,0.22744865444270967,0.2271429687641647,-0.04103368654976494,0.32610568913929655,0.3725097498119398,0.4299520880228986,0.5220015097545418,0.6662016031066463,0.8764991081675687,0.7159180264723976,0.311628152496293,0.3608711029171276,0.41938305294892336,0.5125661458338989,0.6413905280563025,0.8494756963093568,0.7251204831096946,0.3329231254191102,0.37746999001345366,0.4390036226313482,0.5236214167790957,0.6663839749072651,0.8387454379075291,0.6818467367301461,0.32651564246724646,0.374302047248766,0.442773462485062,0.5400378919708833,0.701334461895893,1.0,0.7013344618958914,0.3166617855821934,0.3633777664111384,0.42876534681155687,0.526303317831993,0.6637150272123218,0.9075533131564355,0.7142791897747124
성동 6시간전,-0.01835882370051411,0.0717126404828413,0.2663826265975279,0.174032605753122,0.16217729535256936,-0.1805435075541898,0.22135289463050573,0.22196291919514646,-0.038781271289001,0.28556234036996847,0.32610568913929683,0.37250974981194007,0.4299520880228974,0.5220015097545363,0.6662016031066416,0.8764991081675665,0.2748363687042928,0.3116281524962932,0.3608711029171246,0.4193830529489224,0.5125661458339003,0.6413905280563003,0.8494756963093625,0.29197683064588453,0.33292312541910957,0.37746999001345216,0.43900362263135023,0.5236214167790957,0.6663839749072649,0.838745437907532,0.28303712203823617,0.3265156424672461,0.37430204724876714,0.44277346248506494,0.5400378919708867,0.7013344618958914,1.0,0.2749811744232745,0.3166617855821953,0.36337776641113756,0.4287653468115553,0.5263033178319924,0.663715027212323,0.9075533131564297
용산 강수량,-0.03469667258452582,0.059905054770629906,0.31393832622182355,0.18901939975894227,0.1755084577545262,-0.16482130530932845,0.25780717947617887,0.2589013290347523,-0.05356381500645855,0.8878010535106996,0.6930780374776584,0.5508573115224775,0.45515921681924904,0.38891516828467276,0.3390736898277792,0.29435651516742906,0.8741651687266407,0.7036140995637608,0.5507238299555017,0.4534080494200075,0.3821466136577122,0.3316903155916181,0.2901576354378803,0.8249657994914664,0.6595970870449962,0.5340074165889972,0.4407632371897239,0.3816790882226255,0.33501488056646267,0.28969942113021996,0.9075533131564382,0.6637150272123264,0.5263033178319948,0.4287653468115566,0.3633777664111378,0.3166617855821934,0.2749811744232745,1.0,0.7013280840721199,0.5457808313656229,0.44575418519145726,0.37689044724049786,0.3255075830332011,0.28437922728174186
용산 1시간전,-0.03727148871166237,0.05470166875089955,0.3143146626881992,0.1864757571026762,0.17368553954084934,-0.1701822275459119,0.25259516887157013,0.2516040823890086,-0.05315794394360555,0.692046278438456,0.8878010535107085,0.6930780374776596,0.5508573115224782,0.4551592168192478,0.38891516828467343,0.33907368982778147,0.6687602129034519,0.8741651687266452,0.7036140995637584,0.5507238299555005,0.453408049420008,0.38214661365771424,0.3316903155916197,0.6841323837426905,0.824965799491468,0.6595970870450009,0.5340074165889982,0.4407632371897272,0.38167908822262947,0.33501488056646406,0.7142791897747142,0.9075533131564381,0.6637150272123291,0.526303317831995,0.42876534681155865,0.3633777664111384,0.3166617855821953,0.7013280840721199,1.0,0.701328084072118,0.5457808313656256,0.4457541851914541,0.3768904472404991,0.32550758303319977
용산 2시간전,-0.0357000083808991,0.06079338164725609,0.30636465093854265,0.1829118511530427,0.17092519782594007,-0.17413754773746148,0.2467190854912883,0.24295927364765443,-0.05165523577720461,0.5359094296351966,0.6920462784384548,0.8878010535107047,0.6930780374776564,0.550857311522476,0.4551592168192434,0.38891516828467126,0.5262244596228274,0.6687602129034468,0.8741651687266312,0.7036140995637558,0.5507238299554983,0.4534080494200089,0.38214661365771313,0.5356195695125642,0.6841323837426868,0.8249657994914624,0.659597087044996,0.5340074165889971,0.4407632371897252,0.3816790882226269,0.5467309991024685,0.7142791897747107,0.9075533131564362,0.6637150272123239,0.5263033178319907,0.42876534681155687,0.36337776641113756,0.5457808313656229,0.701328084072118,1.0,0.7013280840721138,0.5457808313656235,0.4457541851914521,0.3768904472404947
용산 3시간전,-0.03273082466099018,0.06236610355154212,0.2964888816152847,0.17939738219224305,0.1679486299755754,-0.17695157408741216,0.240346285779682,0.23570970066836675,-0.049575169142252414,0.4400756050038974,0.5359094296351952,0.6920462784384533,0.8878010535107054,0.6930780374776571,0.5508573115224782,0.4551592168192435,0.4288713025536637,0.5262244596228268,0.6687602129034433,0.8741651687266375,0.7036140995637546,0.5507238299555,0.45340804942000784,0.446909794729088,0.5356195695125634,0.6841323837426877,0.8249657994914664,0.6595970870449971,0.5340074165889981,0.4407632371897207,0.4484725191962639,0.5467309991024636,0.7142791897747143,0.9075533131564373,0.6637150272123253,0.526303317831993,0.4287653468115553,0.44575418519145726,0.5457808313656256,0.7013280840721138,1.0,0.7013280840721182,0.5457808313656265,0.44575418519145427
용산 4시간전,-0.02954631272268939,0.06448117604777581,0.2865542252454537,0.17600778694737904,0.16495946246848542,-0.17875548773027708,0.23398515179660292,0.22900272072838881,-0.046741340874207025,0.37764672166949315,0.4400756050038999,0.5359094296351976,0.6920462784384557,0.8878010535107116,0.693078037477658,0.5508573115224766,0.36685717921682043,0.4288713025536632,0.5262244596228199,0.6687602129034418,0.8741651687266361,0.7036140995637569,0.5507238299554991,0.3808994195722515,0.44690979472908776,0.535619569512562,0.6841323837426917,0.8249657994914689,0.6595970870449982,0.5340074165889969,0.37650388188886147,0.44847251919626585,0.5467309991024679,0.7142791897747106,0.9075533131564317,0.6637150272123218,0.5263033178319924,0.37689044724049786,0.4457541851914541,0.5457808313656235,0.7013280840721182,1.0,0.7013280840721169,0.5457808313656275
용산 5시간전,-0.02629375503808583,0.06659266637376943,0.2769072825726089,0.1728516122789353,0.16198517511169636,-0.1796847764686636,0.22715990346897688,0.22398663384659437,-0.04406770600471953,0.32935607206594275,0.37764672166949254,0.440075605003898,0.5359094296351975,0.6920462784384551,0.8878010535107032,0.6930780374776565,0.31735689189308386,0.3668571792168227,0.4288713025536629,0.5262244596228204,0.6687602129034462,0.8741651687266383,0.7036140995637544,0.33513422428657097,0.3808994195722513,0.44690979472908676,0.5356195695125654,0.6841323837426883,0.8249657994914659,0.6595970870449945,0.32602133018835194,0.37650388188885947,0.4484725191962659,0.5467309991024693,0.7142791897747133,0.9075533131564355,0.663715027212323,0.3255075830332011,0.3768904472404991,0.4457541851914521,0.5457808313656265,0.7013280840721169,1.0,0.7013280840721191
용산 6시간전,-0.022945096682238326,0.06896214239614276,0.2663258562292622,0.16924117580944803,0.15864753508632332,-0.17980063539466096,0.2208552311544026,0.21960058908812227,-0.041699579230908626,0.2898064125641616,0.32935607206594225,0.37764672166949115,0.44007560500389886,0.535909429635197,0.6920462784384512,0.8878010535107074,0.279142358470247,0.31735689189308647,0.3668571792168211,0.4288713025536623,0.5262244596228235,0.6687602129034445,0.8741651687266362,0.2957106216006975,0.33513422428656975,0.38089941957225004,0.4469097947290893,0.5356195695125655,0.6841323837426896,0.8249657994914672,0.2849361509218431,0.3260213301883522,0.37650388188886147,0.4484725191962651,0.5467309991024676,0.7142791897747124,0.9075533131564297,0.28437922728174186,0.32550758303319977,0.3768904472404947,0.44575418519145427,0.5457808313656275,0.7013280840721191,1.0
